24 S 1354	
529654.5534	8555623.22
529538.3839	8555569.218
529422.9693	8555510.838
529422.7468	8555510.727
529421.2864	8555510.065
529420.6296	8555509.804
529356.1219	8555485.24
529355.2783	8555484.936
529353.7441	8555484.471
529352.1827	8555484.107
529351.4995	8555483.981
529310.4687	8555477.022
529309.4967	8555476.727
529307.9353	8555476.363
529306.3535	8555476.102
529304.758	8555475.945
529303.8686	8555475.903
529302.9699	8555475.767
529301.3744	8555475.61
529299.772	8555475.558
529298.1696	8555475.61
529297.1776	8555475.708
529275.5252	8555475.078
529274.8122	8555475.067
529273.3661	8555475.11
529244.1755	8555476.836
529244.0192	8555476.846
529243.1122	8555476.922
529187.5587	8555482.642
529187.0887	8555482.695
529141.1131	8555488.328
529140.8946	8555488.356
529140.8504	8555488.362
529096.2848	8555494.311
529013.1345	8555504.546
529013.037	8555504.558
528939.9652	8555513.85
528868.6901	8555522.741
528868.5971	8555522.753
528755.1815	8555537.341
528672.6147	8555547.321
528608.6243	8555553.838
528570.4543	8555555.856
528512.8751	8555556.57
528477.717	8555556.125
528434.4051	8555553.668
528399.4417	8555550.242
528361.8671	8555546.172
528361.7717	8555546.162
528334.0103	8555543.265
528245.9553	8555533.37
528155.4649	8555522.68
528155.311	8555522.662
528084.9078	8555514.796
528084.7838	8555514.782
528050.0433	8555511.08
528049.8206	8555511.057
528002.2527	8555506.427
528001.4814	8555506.364
528001.0369	8555506.339
527955.2883	8555504.174
527952.528	8555504.199
527952.2419	8555504.22
527911.9323	8555507.336
527911.5374	8555507.37
527856.7893	8555512.495
527855.8748	8555512.598
527854.293	8555512.859
527854.2753	8555512.862
527813.5715	8555520.99
527812.0346	8555521.349
527746.5173	8555538.884
527629.0936	8555569.463
527628.9268	8555569.507
527628.4883	8555569.629
527512.1886	8555603.119
527344.3092	8555647.72
527344.2588	8555647.733
527343.6521	8555647.904
527222.7337	8555683.662
527222.7197	8555683.667
527126.7367	8555712.113
527125.8232	8555712.403
527124.5402	8555712.879
526996.4697	8555764.495
526996.2522	8555764.584
526994.7919	8555765.245
526994.3929	8555765.447
526872.2163	8555828.494
526872.0988	8555828.555
526797.6508	8555867.483
526755.8398	8555886.168
526728.4211	8555891.512
526706.5484	8555894.375
526661.9578	8555895.46
526628.503	8555891.63
526599.3796	8555885.473
526555.4449	8555872.754
526410.2205	8555830.474
526281.6803	8555792.393
526281.5911	8555792.367
526136.712	8555750.042
526079.4537	8555733.153
526015.0449	8555711.01
525958.0061	8555688.007
525908.9439	8555664.004
525870.6432	8555645.035
525814.1558	8555615.988
525777.2274	8555595.94
525776.3742	8555595.498
525776.3659	8555595.494
525721.0768	8555568.254
525720.6731	8555568.06
525688.2311	8555552.807
525687.1827	8555552.344
525685.6986	8555551.785
525661.8278	8555543.663
525661.8115	8555543.658
525660.2773	8555543.192
525658.7159	8555542.828
525658.1444	8555542.721
525620.1922	8555536.104
525619.1819	8555535.95
525617.5864	8555535.793
525616.8549	8555535.756
525570.006	8555534.089
525569.1351	8555534.074
525567.5971	8555534.122
525521.385	8555537.029
525521.3206	8555537.033
525519.7251	8555537.19
525518.3914	8555537.403
525473.1062	8555545.926
525472.8581	8555545.974
525471.2967	8555546.339
525471.0189	8555546.415
525412.3687	8555562.872
525412.0202	8555562.972
525386.5206	8555570.536
525308.2759	8555593.446
525307.7385	8555593.61
525230.7638	8555618.078
525230.3104	8555618.227
525229.8903	8555618.374
525159.3568	8555643.755
525159.0133	8555643.881
525106.544	8555663.652
525105.9166	8555663.798
525104.3824	8555664.264
525102.8819	8555664.829
525101.4216	8555665.49
525100.744	8555665.838
525100.0072	8555666.129
525098.5468	8555666.791
525097.1329	8555667.546
525095.7714	8555668.393
525095.2721	8555668.751
525006.5269	8555715.998
525005.7905	8555716.407
525004.429	8555717.254
525004.1409	8555717.449
524954.4308	8555751.696
524953.4158	8555752.434
524952.988	8555752.77
524907.0392	8555789.677
524906.4287	8555790.184
524860.9635	8555829.19
524795.2711	8555885.519
524752.9937	8555921.72
524752.9856	8555921.727
524696.6296	8555970.025
524636.9926	8556020.616
524636.9685	8556020.636
524574.0395	8556074.159
524573.9837	8556074.206
524543.8158	8556100.021
524543.5931	8556100.214
524374.3017	8556248.64
524224.8886	8556378.161
524132.6396	8556455.803
524132.5359	8556455.89
523927.6652	8556630.271
523755.9461	8556775.451
523755.8241	8556775.555
523614.2272	8556896.866
523614.1699	8556896.916
523558.0614	8556945.286
523418.7181	8557064.109
523418.6711	8557064.149
523278.4279	8557184.351
523197.6774	8557252.92
523149.6926	8557293.404
523149.5106	8557293.559
523092.2874	8557342.801
522881.7754	8557522.847
522881.5457	8557523.045
522880.3756	8557524.141
522879.2796	8557525.312
522878.2625	8557526.551
522877.3287	8557527.854
522876.4821	8557529.216
522875.7263	8557530.629
522875.0647	8557532.09
522874.4999	8557533.59
522874.0345	8557535.124
522873.6705	8557536.686
522873.4093	8557538.268
522873.2522	8557539.863
522873.1997	8557541.466
522873.2521	8557543.068
522873.4093	8557544.663
522873.6705	8557546.245
522874.0345	8557547.807
522874.4999	8557549.341
522875.0646	8557550.841
522875.7263	8557552.302
522876.4821	8557553.716
522877.3287	8557555.077
522878.2625	8557556.38
522879.2796	8557557.62
522880.3756	8557558.79
522881.5457	8557559.886
522882.785	8557560.903
522884.0882	8557561.837
522885.4497	8557562.683
522886.8636	8557563.439
522888.324	8557564.101
522889.8244	8557564.665
522891.3586	8557565.131
522892.92	8557565.495
522894.5018	8557565.756
522896.0973	8557565.913
522897.6997	8557565.966
522899.3021	8557565.913
522900.8976	8557565.756
522902.4794	8557565.495
522904.0408	8557565.131
522905.575	8557564.665
522907.0754	8557564.101
522908.5358	8557563.439
522909.9497	8557562.683
522911.3112	8557561.837
522912.6144	8557560.903
522913.624	8557560.085
523124.1641	8557380.015
523124.2204	8557379.967
523181.3798	8557330.779
523229.2973	8557290.352
523229.3568	8557290.302
523310.1867	8557221.666
523310.2725	8557221.593
523450.5311	8557101.377
523589.9037	8556982.53
523590.0041	8556982.444
523646.1441	8556934.046
523787.6372	8556812.824
523959.3288	8556667.666
523959.3909	8556667.614
524164.2414	8556493.25
524256.5784	8556415.535
524256.8499	8556415.303
524406.4399	8556285.629
524406.5436	8556285.538
524575.7806	8556137.16
524605.8143	8556111.46
524668.7147	8556057.961
524728.3788	8556007.348
524728.4729	8556007.268
524784.8718	8555958.933
524827.154	8555922.728
524827.1669	8555922.717
524892.8643	8555866.383
524892.8693	8555866.379
524938.0341	8555827.63
524982.971	8555791.537
525030.7883	8555758.594
525120.9803	8555710.576
525176.1205	8555689.798
525246.0465	8555664.636
525322.317	8555640.392
525400.3393	8555617.547
525400.4222	8555617.523
525425.7796	8555610.001
525483.2235	8555593.883
525525.9695	8555585.837
525569.4699	8555583.101
525613.4323	8555584.665
525647.85	8555590.666
525668.6202	8555597.733
525699.621	8555612.308
525754.2761	8555639.235
525791.0195	8555659.183
525791.5048	8555659.439
525848.3996	8555688.696
525848.7303	8555688.863
525887.2465	8555707.938
525887.2837	8555707.957
525887.353	8555707.991
525937.2614	8555732.408
525938.6525	8555733.035
525938.8647	8555733.122
525997.3113	8555756.693
525998.5097	8555757.14
526064.0376	8555779.668
526064.1274	8555779.698
526065.0713	8555779.998
526122.8567	8555797.042
526122.9179	8555797.06
526267.7958	8555839.385
526396.3571	8555877.472
526396.4681	8555877.505
526541.7481	8555919.801
526541.7835	8555919.811
526586.6184	8555932.791
526587.0903	8555932.922
526588.3636	8555933.227
526619.4994	8555939.81
526619.7875	8555939.869
526621.3693	8555940.13
526621.7807	8555940.181
526656.3848	8555944.142
526657.5689	8555944.249
526659.1713	8555944.301
526659.751	8555944.282
526660.9515	8555944.4
526662.5539	8555944.453
526663.15	8555944.446
526709.0382	8555943.329
526710.0445	8555943.284
526711.6223	8555943.129
526735.5393	8555939.998
526735.557	8555939.995
526737.0457	8555939.753
526767.9636	8555933.727
526768.0567	8555933.709
526769.6181	8555933.345
526771.1523	8555932.879
526772.6527	8555932.315
526773.2729	8555932.048
526818.3308	8555911.912
526819.171	8555911.517
526819.6875	8555911.255
526894.7361	8555872.012
527015.8473	8555809.515
527141.7765	8555758.762
527236.6433	8555730.647
527357.2207	8555694.989
527525.016	8555650.411
527525.0664	8555650.398
527525.5049	8555650.276
527641.7473	8555616.802
527758.9521	8555586.28
527759.1121	8555586.238
527823.9408	8555568.887
527862.6221	8555561.163
527915.9097	8555556.175
527954.4973	8555553.192
527998.1125	8555555.255
528044.9611	8555559.816
528079.5222	8555563.499
528149.7951	8555571.351
528240.2844	8555582.04
528240.4228	8555582.056
528328.6332	8555591.969
528328.8262	8555591.99
528356.6522	8555594.893
528394.2956	8555598.971
528394.5441	8555598.997
528430.1257	8555602.484
528430.9131	8555602.548
528431.1279	8555602.561
528475.4788	8555605.077
528476.5566	8555605.115
528512.5633	8555605.57
528512.8731	8555605.572
528513.1769	8555605.57
528571.5566	8555604.846
528572.5462	8555604.814
528611.8071	8555602.738
528612.1161	8555602.72
528612.9961	8555602.646
528677.8113	8555596.045
528678.2689	8555595.994
528761.1483	8555585.976
528761.3339	8555585.953
528874.797	8555571.359
528946.0563	8555562.47
528946.1142	8555562.463
529019.1691	8555553.173
529102.3913	8555542.93
529102.5962	8555542.903
529102.6404	8555542.898
529147.1968	8555536.949
529192.817	8555531.36
529247.5988	8555525.719
529275.1799	8555524.088
529299.036	8555524.783
529340.9334	8555531.888
529356.5901	8555537.85
529359.3035	8555546.015
529362.7066	8555553.918
529366.7743	8555561.5
529371.4767	8555568.705
529376.7793	8555575.481
529382.643	8555581.778
529389.0247	8555587.549
529395.8774	8555592.752
529403.1508	8555597.349
529410.7913	8555601.305
529418.7427	8555604.593
529426.9465	8555607.187
529435.3425	8555609.068
529443.8688	8555610.223
529452.4627	8555610.643
529461.0609	8555610.325
529469.6003	8555609.272
529478.0181	8555607.49
529486.2522	8555604.994
529494.2422	8555601.802
529516.6288	8555613.126
529516.8513	8555613.237
529517.3597	8555613.48
529633.6367	8555667.533
529713.1447	8555706.813
529737.9673	8555719.106
529738.0041	8555719.124
529738.0622	8555719.152
529769.6004	8555734.602
529769.6233	8555734.613
529836.4896	8555767.282
529911.9687	8555804.658
529912.0044	8555804.675
529912.1861	8555804.764
529999.2909	8555846.829
530122.0122	8555906.645
530166.9573	8555928.61
530217.0605	8555955.147
530282.2908	8555999.001
530324.1625	8556030.675
530324.4236	8556030.87
530364.5379	8556060.384
530457.1773	8556130.688
530457.1958	8556130.702
530540.2465	8556193.605
530580.7258	8556224.301
530580.8491	8556224.394
530640.448	8556269
530640.5691	8556269.09
530734.759	8556338.685
530735.7069	8556339.351
530737.0684	8556340.198
530737.0808	8556340.205
530817.7264	8556386.703
530819.1279	8556387.452
530820.2797	8556387.983
530900.8033	8556422.634
530901.0441	8556422.736
531008.3746	8556467.571
531008.3969	8556467.581
531117.0905	8556512.859
531253.7154	8556570.031
531253.7337	8556570.039
531475.989	8556662.831
531476.0416	8556662.853
531610.5985	8556718.664
531754.4018	8556778.717
531754.415	8556778.723
531887.0258	8556834.011
531988.5853	8556876.696
531988.6153	8556876.708
532151.7407	8556945.013
532151.8278	8556945.05
532151.8439	8556945.056
532221.0511	8556973.665
532319.0657	8557014.689
532319.1068	8557014.706
532492.9859	8557087.112
532547.0687	8557109.745
532547.1331	8557109.772
532666.055	8557159.141
532783.7026	8557208.728
532783.768	8557208.755
532925.8006	8557268.137
532925.8751	8557268.168
532926.1211	8557268.268
532958.201	8557281.15
532979.9894	8557291.376
532998.5657	8557303.2
533021.376	8557323.245
533049.1769	8557357.617
533084.5491	8557409.481
533084.5652	8557409.504
533123.4158	8557466.325
533188.776	8557563.033
533188.7905	8557563.055
533227.6997	8557620.495
533260.9284	8557669.867
533261.0178	8557669.999
533288.7816	8557710.678
533339.2744	8557787.453
533339.3732	8557787.602
533339.7452	8557788.143
533359.6889	8557816.326
533360.2508	8557817.088
533360.9662	8557817.977
533397.388	8557861.124
533397.6896	8557861.475
533398.7856	8557862.645
533399.3842	8557863.224
533437.6579	8557898.981
533438.2294	8557899.498
533439.4687	8557900.515
533440.2941	8557901.122
533490.0194	8557936.075
533490.4972	8557936.403
533491.8587	8557937.249
533492.2084	8557937.448
533534.1475	8557960.752
533534.6127	8557961.004
533602.1472	8557996.646
533831.6284	8558120.91
533831.6674	8558120.931
533945.4649	8558182.287
534022.8249	8558224.141
534214.4215	8558328.21
534214.4286	8558328.214
534402.2636	8558430.16
534402.2811	8558430.17
534642.2206	8558560.143
534642.5386	8558560.312
534749.6075	8558616.291
534846.8086	8558673.163
534846.9314	8558673.235
534848.01	8558673.822
534923.7108	8558712.606
535006.2467	8558762.915
535123.2996	8558850.436
535193.9659	8558916.144
535217.1425	8558937.694
535313.1159	8559028.15
535313.6763	8559028.662
535369.9444	8559078.495
535370.034	8559078.574
535371.2734	8559079.591
535371.623	8559079.855
535418.12	8559114.231
535419.0736	8559114.901
535419.776	8559115.354
535478.8246	8559151.96
535479.4836	8559152.354
535480.8975	8559153.11
535481.294	8559153.301
535544.3103	8559182.982
535545.3742	8559183.453
535546.1544	8559183.76
535603.2675	8559205.158
535665.4477	8559231.714
535665.6945	8559231.817
535666.1232	8559231.99
535792.1002	8559281.409
535792.2193	8559281.455
535908.5458	8559326.389
535991.2119	8559367.898
536071.1148	8559415.687
536170.2734	8559482.094
536352.359	8559606.612
536535.4865	8559732.143
536740.636	8559873.509
536740.6479	8559873.517
536863.601	8559958.136
536975.6535	8560035.505
536975.7572	8560035.576
537105.5303	8560124.2
537194.6737	8560192.705
537247.6076	8560244.284
537298.0752	8560302.206
537331.1369	8560348.158
537385.9949	8560438.803
537488.1223	8560612.042
537488.1616	8560612.108
537663.26	8560906.998
537711.4289	8560989.804
537711.4865	8560989.903
537824.1048	8561181.444
537824.1666	8561181.548
537958.3953	8561407.275
537958.4049	8561407.291
538109.6508	8561661.194
538109.6709	8561661.228
538258.5648	8561910.271
538336.2494	8562042.56
538336.2913	8562042.632
538472.4894	8562272.787
538472.5296	8562272.854
538656.2886	8562581.117
538839.408	8562889.593
538993.8795	8563150.482
538993.9291	8563150.566
539165.714	8563438.091
539342.213	8563736.077
539342.2254	8563736.098
539385.3055	8563808.667
539385.317	8563808.687
539515.8663	8564028.138
539676.2801	8564297.734
539745.3164	8564414.179
539745.5978	8564414.642
539799.0599	8564500.434
539828.988	8564554.732
539829.227	8564555.156
539829.5469	8564555.694
539850.7255	8564590.303
539858.0625	8564603.537
539870.8745	8564626.644
539876.2217	8564641.709
539882.4173	8564659.164
539882.871	8564660.345
539883.5326	8564661.805
539884.2884	8564663.219
539885.1343	8564664.58
539890.9342	8564681.775
539896.0534	8564699.185
539900.4838	8564716.783
539904.2185	8564734.542
539907.2519	8564752.434
539909.5792	8564770.431
539911.1969	8564788.506
539912.1023	8564806.631
539900.8881	8564848.268
539900.8799	8564848.299
539900.8143	8564848.549
539888.0994	8564898.087
539879.777	8564925.971
539879.5885	8564926.637
539879.4959	8564926.993
539867.3887	8564975.054
539867.3857	8564975.066
539846.7139	8565057.304
539831.1264	8565111.085
539825.3569	8565129.129
539808.9259	8565172.616
539786.8712	8565219.972
539763.335	8565260.66
539725.788	8565322.3
539678.394	8565399.296
539678.3522	8565399.364
539639.9011	8565462.291
539639.891	8565462.308
539597.7849	8565531.338
539588.9794	8565545.708
539588.8888	8565545.857
539566.6864	8565582.674
539566.4491	8565583.076
539566.0051	8565583.879
539556.7342	8565601.424
539556.4224	8565602.034
539555.7608	8565603.494
539555.6834	8565603.683
539541.9928	8565637.531
539541.5962	8565638.169
539540.8404	8565639.583
539540.1788	8565641.043
539539.614	8565642.543
539539.1486	8565644.078
539538.8592	8565645.278
539538.3718	8565646.589
539537.9064	8565648.124
539537.5424	8565649.685
539537.2812	8565651.267
539537.1241	8565652.862
539537.1047	8565653.454
539531.5623	8565679.281
539531.4877	8565679.642
539531.2265	8565681.224
539531.0694	8565682.819
539531.0546	8565683.063
539527.846	8565740.832
539527.8272	8565741.228
539525.5857	8565798.238
539525.5841	8565798.28
539523.4096	8565856.134
539520.7316	8565917.377
539520.7195	8565917.703
539516.7341	8566048.839
539514.4603	8566116.575
539514.4599	8566116.588
539511.5937	8566203.265
539504.8119	8566396.356
539504.81	8566396.411
539499.4083	8566560.592
539499.4475	8566563
539499.4722	8566563.34
539502.8717	8566606.081
539503.0042	8566607.336
539503.2654	8566608.918
539503.3699	8566609.416
539512.2899	8566649.85
539512.5495	8566650.913
539512.8714	8566652.011
539522.6217	8566682.606
539522.7652	8566683.042
539523.3299	8566684.542
539523.9916	8566686.003
539524.1866	8566686.39
539539.6753	8566716.446
539539.9084	8566716.887
539552.213	8566739.615
539565.9688	8566766.829
539569.4303	8566773.677
539569.6744	8566774.216
539570.3192	8566775.435
539570.967	8566776.633
539571.288	8566777.149
539666.4147	8566945.441
539712.6732	8567028.127
539712.6899	8567028.157
539752.6108	8567099.282
539775.4024	8567140.072
539802.8943	8567190.044
539823.8015	8567232.089
539836.8095	8567265.451
539847.2238	8567300.017
539850.6395	8567322.178
539855.833	8567380.543
539860.1975	8567479.542
539860.1986	8567479.567
539863.8217	8567559.861
539866.0454	8567610.285
539866.0523	8567610.431
539874.1513	8567772.154
539874.1556	8567772.237
539879.3536	8567869.435
539881.1005	8567915.335
539881.1148	8567915.656
539887.6432	8568043.214
539890.5362	8568103.227
539890.5377	8568103.258
539899.224	8568278.824
539885.5509	8568280.758
539872.0099	8568283.466
539858.6449	8568286.94
539845.4992	8568291.169
539832.6154	8568296.139
539820.0352	8568301.834
539807.7993	8568308.235
539795.9474	8568315.322
539784.5178	8568323.072
539773.5476	8568331.459
539763.0724	8568340.457
539753.126	8568350.036
539743.7406	8568360.166
539734.9468	8568370.813
539726.7728	8568381.943
539719.2453	8568393.52
539712.3886	8568405.507
539706.2249	8568417.864
539700.7742	8568430.552
539696.054	8568443.529
539692.0799	8568456.754
539688.8644	8568470.184
539686.4182	8568483.775
539684.7492	8568497.483
539683.8626	8568511.263
539683.7615	8568525.072
539684.4461	8568538.864
539685.9142	8568552.595
539688.1611	8568566.22
539691.1794	8568579.696
539694.9594	8568592.977
539699.489	8568606.023
539704.7533	8568618.789
539710.7353	8568631.235
539717.4157	8568643.321
539724.7728	8568655.007
539732.7829	8568666.256
539741.4199	8568677.03
539750.6558	8568687.296
539760.4608	8568697.02
539770.8032	8568706.171
539781.6493	8568714.718
539792.9641	8568722.634
539804.7109	8568729.894
539816.8517	8568736.474
539829.3472	8568742.352
539842.1569	8568747.51
539855.2392	8568751.931
539868.5519	8568755.601
539882.0517	8568758.507
539895.6951	8568760.641
539909.4377	8568761.995
539923.2351	8568762.565
539923.7991	8568774.343
539923.8011	8568774.384
539931.5474	8568930.712
539931.5612	8568930.965
539935.0925	8568989.909
539942.219	8569113.139
539942.2305	8569113.327
539942.2876	8569114.039
539946.3571	8569156.928
539948.6676	8569181.279
539948.7677	8569182.162
539949.0288	8569183.744
539949.3929	8569185.306
539949.4883	8569185.651
539965.4822	8569242.025
539965.8522	8569243.213
539966.417	8569244.714
539967.0786	8569246.174
539967.0856	8569246.188
539981.8906	8569276.161
539982.6394	8569277.561
539983.4752	8569278.906
539991.8086	8569291.4
539991.8194	8569291.416
539992.4588	8569292.327
540007.1444	8569312.28
540007.4388	8569312.672
540008.4559	8569313.911
540008.8328	8569314.331
540035.1796	8569343.013
540035.8987	8569343.763
540037.0688	8569344.859
540037.6581	8569345.36
540074.8239	8569375.934
540075.4739	8569376.45
540075.7962	8569376.693
540121.6536	8569410.695
540121.7833	8569410.791
540168.9848	8569445.311
540204.0899	8569471.472
540204.1655	8569471.528
540239.7766	8569497.853
540239.8392	8569497.899
540276.4684	8569524.798
540276.4759	8569524.804
540317.2176	8569554.699
540317.2649	8569554.733
540382.1183	8569602.082
540382.1703	8569602.12
540436.2117	8569641.359
540503.6571	8569691.368
540503.9866	8569691.608
540535.1591	8569713.928
540564.2348	8569737.22
540590.8754	8569760.187
540604.0451	8569773.387
540625.1781	8569798.564
540640.6778	8569818.533
540661.2902	8569853.776
540682.0984	8569893.179
540698.5887	8569925.454
540698.6218	8569925.518
540720.4144	8569967.861
540744.0712	8570014.198
540744.1432	8570014.338
540782.5403	8570088.368
540839.9745	8570200.993
540839.9886	8570201.02
540895.9114	8570310.339
540895.9432	8570310.401
540943.1809	8570402.098
540965.8106	8570446.482
540965.91	8570446.675
541002.0449	8570516.022
541013.1532	8570541.075
541013.5768	8570541.98
541014.3326	8570543.394
541015.1792	8570544.755
541016.113	8570546.058
541017.1301	8570547.298
541018.2261	8570548.468
541019.3962	8570549.564
541020.6355	8570550.581
541021.9387	8570551.515
541023.3002	8570552.361
541024.7141	8570553.117
541026.1745	8570553.779
541027.6749	8570554.343
541029.2091	8570554.809
541030.7705	8570555.173
541032.3523	8570555.434
541033.9478	8570555.591
541035.5502	8570555.644
541037.1526	8570555.591
541038.7481	8570555.434
541040.3299	8570555.173
541041.8913	8570554.809
541043.4255	8570554.343
541044.9259	8570553.779
541046.3863	8570553.117
541047.8002	8570552.361
541049.1617	8570551.515
541050.4649	8570550.581
541051.7042	8570549.564
541052.8743	8570548.468
541053.9703	8570547.298
541054.9874	8570546.058
541055.9212	8570544.755
541056.7678	8570543.394
541057.5236	8570541.98
541058.1852	8570540.519
541058.75	8570539.019
541059.2154	8570537.485
541059.5794	8570535.923
541059.8406	8570534.342
541059.9977	8570532.746
541060.0502	8570531.144
541059.9977	8570529.541
541059.8406	8570527.946
541059.5794	8570526.364
541059.2154	8570524.803
541058.75	8570523.268
541058.1852	8570521.768
541057.9472	8570521.213
541046.5258	8570495.454
541046.1022	8570494.549
541045.8561	8570494.064
541009.4133	8570424.126
540986.8019	8570379.777
540986.7551	8570379.686
540939.5076	8570287.97
540883.62	8570178.72
540826.1509	8570066.027
540826.0738	8570065.877
540787.6741	8569991.841
540764.0376	8569945.544
540764.001	8569945.473
540742.2169	8569903.147
540725.6601	8569870.742
540725.5076	8569870.449
540704.371	8569830.424
540703.9239	8569829.614
540703.8548	8569829.495
540682.1646	8569792.41
540681.3871	8569791.167
540680.4533	8569789.864
540680.3702	8569789.756
540663.599	8569768.149
540663.0104	8569767.42
540640.899	8569741.077
540640.5536	8569740.675
540639.4777	8569739.525
540624.914	8569724.927
540624.8939	8569724.907
540623.7238	8569723.811
540623.5672	8569723.675
540595.8936	8569699.818
540595.2139	8569699.253
540565.279	8569675.272
540564.8759	8569674.956
540564.2242	8569674.473
540532.6779	8569651.886
540465.2956	8569601.924
540465.0979	8569601.778
540410.9759	8569562.482
540346.1875	8569515.18
540305.4639	8569485.298
540268.8784	8569458.431
540233.3336	8569432.155
540198.1811	8569405.959
540198.0041	8569405.828
540150.7846	8569371.295
540105.4757	8569337.7
540070.1089	8569308.606
540045.819	8569282.163
540032.2577	8569263.737
540025.1201	8569253.037
540012.0105	8569226.496
539997.2376	8569174.426
539991.111	8569109.857
539990.307	8569095.954
539984.0078	8568987.029
539984.0049	8568986.979
539980.481	8568928.158
539972.7425	8568771.987
539972.084	8568758.236
539980.8516	8568756.291
539985.6394	8568755.229
539999.0005	8568751.453
540012.1238	8568746.918
540024.9662	8568741.64
540037.4857	8568735.636
540049.6412	8568728.926
540061.3931	8568721.532
540072.7027	8568713.477
540083.5331	8568704.789
540093.8488	8568695.495
540103.616	8568685.627
540112.8028	8568675.216
540121.379	8568664.296
540129.3166	8568652.904
540136.5896	8568641.077
540143.1741	8568628.853
540149.0487	8568616.272
540154.194	8568603.376
540158.5932	8568590.207
540162.232	8568576.807
540165.0984	8568563.222
540167.1829	8568549.495
540168.4789	8568535.67
540168.982	8568521.795
540168.6906	8568507.913
540167.6057	8568494.071
540165.7308	8568480.314
540163.072	8568466.686
540159.638	8568453.233
540155.4402	8568439.998
540155.1503	8568439.238
540150.4922	8568427.025
540144.8103	8568414.356
540138.413	8568402.033
540131.3212	8568390.096
540123.5584	8568378.584
540115.1497	8568367.535
540106.1228	8568356.985
540096.5073	8568346.969
540086.3346	8568337.519
540075.638	8568328.666
540064.4525	8568320.44
540052.8148	8568312.867
540040.7631	8568305.973
540028.3366	8568299.778
540015.5762	8568294.305
540002.5237	8568289.571
539989.2217	8568285.591
539975.7138	8568282.378
539962.0442	8568279.943
539948.2578	8568278.294
539939.4781	8568100.841
539936.5845	8568040.816
539936.5809	8568040.743
539930.059	8567913.311
539928.3112	8567867.387
539928.2939	8567867.01
539923.0879	8567769.662
539914.9948	8567608.057
539912.773	8567557.677
539912.7719	8567557.652
539909.1488	8567477.358
539904.7612	8567377.836
539904.7326	8567377.313
539904.6886	8567376.744
539899.377	8567317.051
539899.2638	8567316.025
539899.1875	8567315.49
539895.3909	8567290.859
539895.206	8567289.811
539894.842	8567288.25
539894.6352	8567287.523
539883.4465	8567250.387
539883.1879	8567249.579
539882.8144	8567248.555
539869.0548	8567213.265
539868.8635	8567212.789
539868.2019	8567211.329
539868.166	8567211.256
539846.5429	8567167.771
539846.0713	8567166.87
539818.2932	8567116.379
539818.215	8567116.238
539795.3737	8567075.359
539795.3508	8567075.318
539755.4283	8567004.19
539709.1539	8566921.475
539709.1009	8566921.381
539613.5366	8566752.315
539611.5071	8566748.3
539595.7887	8566717.204
539595.4685	8566716.592
539583.117	8566693.777
539568.6843	8566665.77
539559.898	8566638.2
539551.5835	8566600.511
539548.4272	8566560.828
539553.7834	8566398.027
539560.5641	8566204.967
539560.5658	8566204.916
539563.4331	8566118.207
539565.7079	8566050.441
539565.7104	8566050.363
539569.692	8565919.353
539572.3661	8565858.2
539572.3722	8565858.05
539574.5481	8565800.157
539576.7816	8565743.351
539579.8731	8565687.691
539585.8771	8565659.713
539600.6402	8565623.214
539609.0049	8565607.385
539630.8019	8565571.24
539639.575	8565556.923
539639.6014	8565556.88
539681.7232	8565487.824
539720.1481	8565424.94
539767.5482	8565347.934
539767.6078	8565347.837
539805.3267	8565285.915
539805.6104	8565285.437
539829.8299	8565243.567
539829.84	8565243.55
539830.5958	8565242.136
539830.8319	8565241.643
539853.7308	8565192.475
539854.1563	8565191.507
539854.4399	8565190.791
539871.4185	8565145.854
539871.6997	8565145.07
539871.836	8565144.656
539877.9006	8565125.69
539878.0961	8565125.048
539893.8991	8565070.523
539894.0327	8565070.044
539894.1283	8565069.676
539914.9058	8564987.017
539926.882	8564939.477
539935.1886	8564911.645
539935.3771	8564910.98
539935.4427	8564910.73
539948.2405	8564860.869
539959.4212	8564819.356
539959.4294	8564819.325
539959.4306	8564819.321
539967.5514	8564788.99
539967.7928	8564788.008
539981.1463	8564728.381
539981.2678	8564727.806
539981.5289	8564726.224
539981.6861	8564724.629
539981.7316	8564723.609
539981.7835	8564721.424
539982.6287	8564685.869
539982.8726	8564675.609
539982.827	8564673.424
539982.6699	8564671.829
539982.5911	8564671.279
539980.2034	8564655.855
539977.7867	8564640.244
539977.0179	8564635.278
539976.8355	8564634.246
539976.4715	8564632.685
539976.0061	8564631.15
539975.4413	8564629.65
539974.7797	8564628.19
539974.0239	8564626.776
539973.1773	8564625.414
539972.2435	8564624.111
539971.2264	8564622.872
539970.1304	8564621.702
539968.9603	8564620.606
539967.7531	8564619.615
539956.2495	8564604.571
539944.2062	8564589.955
539931.6391	8564575.788
539918.5648	8564562.087
539905.0006	8564548.871
539890.9646	8564536.157
539876.4752	8564523.962
539861.5517	8564512.303
539841.6562	8564476.206
539841.4172	8564475.782
539840.9928	8564475.075
539787.3274	8564388.957
539718.4293	8564272.745
539718.4094	8564272.712
539557.9763	8564003.084
539427.4288	8563783.635
539384.3726	8563711.106
539207.8487	8563413.077
539207.801	8563412.997
539036.0111	8563125.464
538881.5573	8562864.604
538881.5432	8562864.58
538698.4214	8562556.101
538698.3984	8562556.062
538514.6458	8562247.81
538378.4802	8562017.71
538300.7693	8561885.375
538300.671	8561885.209
538151.7277	8561636.084
538000.5019	8561382.214
537866.3146	8561156.557
537753.7547	8560965.116
537705.559	8560882.264
537705.4477	8560882.074
537530.3075	8560587.114
537428.1298	8560413.79
537427.9847	8560413.547
537372.5536	8560321.955
537371.9643	8560321.029
537371.4808	8560320.332
537337.1844	8560272.663
537336.734	8560272.057
537335.7687	8560270.877
537283.8938	8560211.34
537283.842	8560211.281
537282.7461	8560210.11
537282.52	8560209.887
537227.8407	8560156.608
537226.8966	8560155.735
537225.6714	8560154.729
537134.8437	8560084.929
537134.8295	8560084.918
537133.7318	8560084.123
537003.4442	8559995.148
536891.4114	8559917.792
536891.3806	8559917.771
536768.4277	8559833.153
536563.2796	8559691.788
536563.2302	8559691.754
536380.041	8559566.18
536380.0184	8559566.165
536197.836	8559441.581
536197.6393	8559441.448
536097.8603	8559374.625
536097.8388	8559374.611
536096.8029	8559373.955
536015.589	8559325.382
536015.2634	8559325.191
536014.0073	8559324.513
535929.4739	8559282.067
535929.3161	8559281.989
535927.8557	8559281.327
535927.308	8559281.108
535809.9453	8559235.774
535684.3563	8559186.507
535622.0035	8559159.878
535621.7566	8559159.774
535620.9764	8559159.466
535564.2834	8559138.226
535503.446	8559109.572
535446.4451	8559074.235
535401.6226	8559041.097
535346.4463	8558992.23
535250.6814	8558901.971
535250.5606	8558901.858
535227.3323	8558880.259
535155.705	8558813.658
535155.1758	8558813.18
535153.9365	8558812.163
535153.693	8558811.979
535034.6603	8558722.977
535033.6006	8558722.228
535032.7407	8558721.679
534948.4403	8558670.294
534947.9387	8558669.997
534946.8601	8558669.41
534870.9635	8558630.525
534773.8491	8558573.703
534773.7263	8558573.632
534772.8277	8558573.138
534665.3982	8558516.971
534425.6199	8558387.085
534237.8024	8558285.148
534046.2129	8558181.082
534046.1772	8558181.063
533968.7643	8558139.181
533968.7332	8558139.164
533854.9297	8558077.805
533625.3606	8557953.493
533625.1295	8557953.369
533557.7157	8557917.792
533517.1399	8557895.245
533469.865	8557862.013
533433.8955	8557828.409
533399.0836	8557787.168
533379.984	8557760.178
533329.6066	8557683.579
533329.5078	8557683.43
533329.3728	8557683.23
533301.535	8557642.443
533268.3165	8557593.085
533268.2754	8557593.024
533229.3591	8557535.574
533163.9822	8557438.841
533163.9079	8557438.732
533125.0159	8557381.85
533089.095	8557329.182
533088.2915	8557328.072
533087.9033	8557327.579
533058.163	8557290.81
533057.5342	8557290.063
533056.4382	8557288.893
533055.287	8557287.814
533029.4904	8557265.144
533029.4715	8557265.127
533028.2322	8557264.11
533026.929	8557263.177
533026.473	8557262.879
533004.9754	8557249.196
533004.0699	8557248.647
533002.656	8557247.891
533002.2289	8557247.685
532978.3871	8557236.496
532977.3539	8557236.04
532977.1079	8557235.939
532944.5379	8557222.86
532802.7171	8557163.568
532685.0308	8557113.965
532684.9088	8557113.914
532565.9356	8557064.523
532511.8622	8557041.894
532511.8223	8557041.877
532337.9443	8556969.472
532239.9143	8556928.441
532239.8307	8556928.407
532239.8146	8556928.4
532170.6215	8556899.797
532007.5465	8556831.513
531905.9866	8556788.828
531905.9218	8556788.801
531773.271	8556733.496
531629.4621	8556673.441
531629.4075	8556673.418
531494.8674	8556617.614
531272.6121	8556524.821
531136.0055	8556467.657
531135.9692	8556467.642
531027.2526	8556422.354
530920.0599	8556377.576
530840.9622	8556343.539
530762.76	8556298.45
530669.744	8556229.722
530610.271	8556185.21
530569.8427	8556154.552
530569.8313	8556154.544
530486.7806	8556091.641
530394.0159	8556021.242
530393.7244	8556021.024
530353.5981	8555991.501
530311.307	8555959.511
530310.1958	8555958.718
530243.3328	8555913.766
530243.275	8555913.727
530241.9135	8555912.881
530241.131	8555912.448
530189.54	8555885.122
530188.9086	8555884.799
530188.8296	8555884.76
530143.515	8555862.616
530143.4923	8555862.605
530020.7005	8555802.754
530020.6205	8555802.715
529933.597	8555760.689
529858.1751	8555723.342
529858.1394	8555723.325
529858.0584	8555723.285
529791.1474	8555690.594
529759.6736	8555675.176
529734.8694	8555662.892
529734.8483	8555662.881
529655.0775	8555623.472
529655.0618	8555623.464
529654.5534	8555623.22
